Canh gác bảo tàng
Viện bảo tàng X tổ chức cuộc trưng bày giới thiệu một số bức tranh gốc của danh hoạ Leonard de Vinci. Những bức tranh của các danh hoạ thường là mục tiêu của nhiều tổ chức trộm cắp chuyên nghiệp. Vì thế, Ban giám đốc bảo tàng cần giải quyết bài toán bảo vệ an toàn cho các bức tranh độc nhất vô nhị này. Theo kế hoạch, cuộc triển lãm sẽ diễn ra trong khoảng thời gian n giờ. Thời điểm bắt đầu triển lãm được tính là 0. Có m vệ sỹ có nghiệp vụ cao có thể thuê để canh gác các bức tranh. Để đơn giản, các vệ sỹ sẽ được gán số hiệu từ 1 đến m. Vệ sỹ i chấp nhận đứng canh trong khoảng thời gian từ thời điểm si đến thời điểm ti (0 ≤ si < ti ≤ n) với tiền công là ci, i = 1, 2, …, m.

Yêu cầu: Hãy giúp Ban giám đốc lựa chọn thuê các vệ sỹ nào trong số m vệ sỹ để tại bất cứ thời điểm nào trong thời gian diễn ra triển lãm luôn có ít nhất một vệ sỹ đứng canh, đồng thời tổng chi phí phải trả cho các vệ sỹ được thuê là nhỏ nhất.

Input:

-       Dòng đầu tiên chứa số testcase T (T<=20).

-       Dòng thứ 2 chứa 2 số nguyên dương n và m (n,m<=100000).

-       Dòng thứ i trong số m dòng tiếp theo chứa ba số nguyên không âm si, ti, ci (0 < ci ≤ 105), i = 1, 2, …, m.

Output:

In ra chi phí của cách thuê tìm được tương ứng từng testcase theo format:

Case #tc

Answer

Sample:

Input

1

9 7

0 5 30

1 3 18

4 7 21

4 8 38

6 9 20

5 8 22

8 9 29

Output

71

//////
20
50 50
0 10 5000
10 20 5000
20 30 5000
30 40 5000
40 50 5000
2 14 123
4 20 314
3 6 106
3 14 735
9 20 189
14 18 228
8 21 754
16 24 13
7 15 162
25 40 465
6 12 934
6 9 918
9 18 169
23 38 49
1 16 266
16 23 580
3 10 51
23 32 725
12 19 726
7 16 202
3 15 637
10 17 394
13 23 236
20 22 180
3 16 95
24 33 561
21 25 643
6 15 486
20 26 73
13 15 55
21 26 371
25 31 881
23 33 566
11 19 558
20 23 545
6 11 297
24 25 925
24 33 48
14 16 45
11 20 858
23 37 645
14 18 683
7 9 350
18 20 734
21 29 188
100 50
0 20 1000
20 40 5000
30 60 5000
40 80 7000
60 100 9000
0 20 1006
0 20 1007
0 20 1008
0 20 1009
0 20 1010
3 15 714
6 22 790
1 16 84
24 36 286
19 22 483
4 11 999
5 15 534
10 15 243
11 22 364
13 21 882
23 39 63
11 23 540
23 31 40
12 21 159
11 17 515
22 31 216
25 30 250
13 14 113
10 11 489
15 19 146
15 23 938
18 24 813
19 21 986
22 24 766
5 15 194
4 12 620
6 9 39
20 24 67
20 31 645
15 19 795
13 26 916
6 17 667
16 30 572
11 14 90
6 15 863
10 17 301
21 33 112
3 10 395
21 23 977
10 11 34
100 100
0 20 500
20 40 500
30 60 250
40 80 500
60 100 250
0 20 1006
0 20 1007
0 20 1008
0 20 1009
0 20 1010
2 10 57
20 46 862
23 51 435
39 56 120
45 58 251
13 23 490
46 47 995
33 44 367
17 49 700
20 52 668
35 64 780
15 44 472
6 10 12
21 40 372
5 18 728
30 59 237
8 34 318
34 35 415
5 25 343
15 37 211
6 19 700
17 22 430
31 56 894
39 52 525
8 14 714
23 28 2
40 58 593
5 28 774
20 32 831
41 65 800
32 41 172
36 46 765
38 66 496
18 41 452
31 32 14
39 68 472
18 26 148
21 41 12
20 27 851
5 24 746
5 28 959
16 39 449
28 46 101
11 34 479
7 9 338
32 60 267
23 32 218
27 34 524
48 69 168
36 47 860
37 39 225
44 65 302
34 38 993
9 39 528
21 51 284
5 6 703
25 58 708
28 40 634
12 25 198
6 17 516
5 20 630
18 48 59
40 59 742
3 9 91
5 13 133
37 63 232
7 8 140
17 33 706
26 48 798
31 34 578
21 42 493
37 67 688
29 56 543
19 32 285
6 38 699
2 35 891
41 45 155
21 43 943
3 11 726
18 21 192
13 31 202
31 42 79
8 40 936
49 61 695
32 64 194
33 41 982
18 19 800
34 55 648
43 61 33
19 35 218
200 50
0 20 5000
20 40 5000
30 60 2500
40 180 5000
30 200 2000
180 200 9006
180 200 9007
180 200 9008
180 200 9009
180 200 9010
56 91 103
100 145 241
9 40 73
26 76 303
2 43 844
81 125 695
17 59 156
48 56 388
12 13 141
46 52 279
97 119 409
44 56 123
65 81 879
83 88 616
10 47 212
43 98 262
32 71 5
58 96 1
39 86 281
48 60 291
47 78 184
40 58 608
13 44 899
97 124 755
76 104 362
63 128 504
14 66 39
40 55 217
39 41 667
33 39 706
35 55 114
84 126 396
33 57 114
52 107 659
4 51 656
70 87 604
96 162 557
26 85 535
88 136 532
47 68 38
300 500
0 120 1500
120 240 1500
240 300 1500
120 155 157
102 120 489
91 94 703
75 149 887
78 149 139
64 112 762
98 181 451
84 132 137
106 110 514
106 206 947
90 150 206
54 118 894
67 94 915
52 62 627
100 101 936
124 136 561
78 159 553
125 203 377
115 181 558
61 154 641
57 64 1014
107 140 358
126 152 495
111 161 622
51 103 204
60 82 447
118 123 978
86 175 820
111 162 388
116 187 123
85 178 859
57 92 607
89 185 812
90 183 284
121 135 516
67 143 836
126 188 466
113 204 104
102 147 123
68 163 681
64 96 182
52 149 155
55 86 515
102 179 662
115 116 333
91 178 425
68 80 857
89 154 28
61 114 871
71 138 878
105 121 83
121 204 646
106 179 196
78 158 836
65 101 353
120 192 244
91 165 1006
122 123 987
70 82 976
117 176 841
85 126 924
68 112 314
103 192 24
109 197 881
94 188 494
52 103 396
72 166 229
88 92 1007
89 108 640
119 155 980
111 185 240
86 135 502
92 109 505
70 102 633
92 177 929
75 134 268
50 139 583
60 138 220
58 76 902
57 72 626
97 157 523
77 112 577
109 142 58
87 113 835
94 178 669
70 98 218
106 129 771
86 88 251
115 143 707
110 201 661
84 115 309
86 120 824
67 77 735
75 170 780
92 99 453
122 194 671
110 174 692
179 183 885
181 222 1054
126 215 1006
133 188 727
139 151 173
128 194 496
168 172 208
119 163 276
138 200 984
113 193 179
118 137 864
175 208 1085
143 236 538
175 188 543
151 164 203
156 215 354
167 175 316
121 156 550
144 238 530
162 194 510
131 168 165
182 192 747
103 130 225
188 204 431
184 221 238
170 241 512
124 168 563
177 186 948
114 118 1069
178 278 1044
183 234 712
167 260 1022
119 188 1043
136 218 1006
94 115 859
137 177 997
154 184 135
152 163 244
108 184 463
121 171 186
153 221 672
93 171 374
187 281 336
165 204 985
95 105 735
179 198 1081
183 220 493
164 199 138
95 134 883
118 182 834
105 165 960
108 130 725
153 162 517
158 251 1078
161 179 419
118 127 527
91 107 939
138 145 1049
138 222 218
127 150 728
159 252 513
164 210 826
175 237 340
175 215 1090
165 205 975
187 227 693
182 248 1005
168 249 897
120 154 192
143 174 167
178 267 472
180 211 1000
139 160 1008
139 179 845
163 202 341
185 206 623
157 161 299
131 169 226
160 199 1072
173 226 297
95 179 475
186 197 764
173 196 990
96 185 1027
169 263 799
108 186 1049
166 197 1072
107 126 761
160 237 186
129 226 851
134 210 125
96 175 514
101 131 328
118 136 615
97 171 576
171 271 641
100 133 992
101 133 511
129 223 1054
151 175 587
177 259 331
146 170 861
184 186 242
171 263 547
159 199 301
92 153 480
120 211 598
169 255 238
145 184 441
159 224 884
184 209 895
126 207 760
126 184 236
142 146 521
180 232 1063
119 213 897
160 180 891
104 175 899
127 149 374
91 153 667
164 234 613
155 223 988
170 224 1002
184 233 617
171 188 322
101 102 488
120 204 640
164 177 709
172 211 575
150 169 1040
126 184 638
173 233 261
145 229 184
97 163 1121
127 217 511
185 212 485
144 178 740
177 182 1029
123 221 482
161 219 1114
113 205 646
109 132 522
170 253 366
111 211 923
123 168 439
187 260 898
164 187 1041
111 167 282
190 191 227
146 148 342
173 194 320
177 241 897
145 224 313
160 192 128
175 182 761
184 246 837
159 162 519
184 237 834
101 179 533
177 219 547
117 125 132
127 168 644
154 191 321
130 213 1053
172 225 878
96 184 410
172 203 1014
92 178 891
178 183 495
171 177 763
98 107 286
123 134 706
186 229 346
93 178 123
120 152 703
156 222 916
109 167 802
98 103 702
143 160 829
159 243 312
186 253 1013
162 237 881
113 149 602
104 189 352
165 219 810
136 174 645
91 182 440
167 252 207
103 127 761
167 249 175
143 212 336
126 222 269
187 252 961
183 190 1058
186 241 369
174 259 470
103 122 317
163 204 588
176 197 488
119 179 804
148 164 1046
111 173 741
149 240 1091
182 207 559
112 130 727
189 270 736
113 125 774
186 265 379
177 253 787
95 103 1105
127 227 1041
104 197 679
162 224 726
93 151 602
123 205 937
141 176 1110
96 171 944
107 126 821
133 177 873
160 165 138
116 174 541
115 152 156
126 144 171
152 218 614
93 107 302
128 201 1014
181 268 687
128 204 557
135 166 645
110 159 1031
147 152 334
148 162 842
95 191 1014
167 254 542
125 150 757
173 176 177
132 153 720
186 271 1067
93 119 869
135 210 275
155 214 212
188 237 838
162 249 419
150 216 560
130 135 563
93 129 880
108 187 306
121 148 369
132 133 932
155 181 986
150 233 619
105 193 996
144 236 596
180 252 1099
142 147 561
112 195 484
167 210 407
171 264 986
133 158 312
122 132 706
94 116 624
174 252 442
114 154 1040
186 233 606
176 209 1016
146 219 789
93 155 450
167 236 598
137 235 1104
102 161 607
128 175 172
176 258 177
146 233 396
190 217 207
111 186 493
160 188 332
131 202 999
125 182 842
117 131 881
142 169 171
96 98 476
104 120 606
163 215 206
91 122 707
122 221 888
113 159 210
92 129 463
142 144 758
154 183 265
142 235 917
108 203 768
155 204 744
185 204 881
163 259 752
106 117 507
166 178 272
97 113 266
173 204 752
158 201 626
120 125 857
169 199 945
207 220 922
156 176 790
189 195 651
224 230 533
183 205 562
203 228 1023
179 195 431
184 188 1054
228 258 1040
225 247 979
162 210 575
174 209 1146
233 258 690
228 253 1157
231 269 493
247 293 922
195 240 529
192 214 536
221 232 519
174 202 533
159 177 969
238 271 894
226 271 1004
155 197 1164
194 204 516
247 253 607
197 229 1079
188 194 797
218 252 939
237 282 682
208 243 752
163 183 460
162 196 796
191 220 593
171 206 1178
239 262 724
179 226 657
222 252 416
176 223 1008
208 227 811
161 196 889
173 188 795
158 197 600
194 238 948
222 229 1197
241 263 474
205 236 1157
226 233 689
197 242 518
187 206 1092
189 239 611
204 220 1037
170 214 994
172 204 1107
211 240 443
177 178 604
217 224 638
165 212 256
237 277 1141
210 251 953
215 259 850
223 240 532
207 217 1084
228 232 801
170 192 289
219 239 899
199 239 401
178 220 569
175 202 579
192 197 287
201 202 1132
245 250 875
239 272 395
247 284 1050
236 276 1079
178 201 1195
195 237 371
189 218 1190
194 228 636
225 273 509
204 248 542
219 250 1069
227 228 345
179 225 648
239 254 1110
201 238 1131
200 228 996
175 197 384
190 214 476
191 193 601
158 162 1040
243 257 956
213 236 268
172 186 441
224 241 746
170 194 727
243 270 1165
173 202 414
176 177 1014
1000 500
0 120 1500
120 340 1500
340 1000 1500
950 1000 150
